11000111100100000101
00001101010000110010
10100101001100010010
01010100011110100010
10101010111010111010
10011011011010110011
10011111001001110100
01100100001001100101
10111100101000001010
00110000111110000111
10000011100001000000
01110100010000111001
00110000011100010110
00100100000000100111
11001101101100011011
10111010011011000011
00100001000001010011
00111011010110010001
00100000011010101110
01110101010011010111
00101010100100011100
10110001100001111100
00010010111110011101
01101101111110101010
01101111100010000101
11100001010111110100
00100110001110101001
00111101011000011001
10010011000000001001
10100000000011011100
00011111111010000001
11111010110010100000
10010001101001000101
10101000111011001110
00110001001011100110
00111101000010100110
10101000001100011011
10110011100101001111
01100111011000001110
01110111101100010101
01101001100001011000
10010111110110100000
10011011110100000101
01010100010011111000
11101001001110100100
01100011110101100100
11001101000101010010
11011110101100111111
11110110111010101111
01000111001101001001
11011101110101100001
00010100010011010111
01001010010100011000
10111111001101011111
11010111110000100001
01100100010100101011
01100011000011000101
01101010101000111110
00001110100010000100
11110100110000011001
00001101011000010001
00101001110100001110
00100100101010000001
11111000000101101101
01010110001110000000
10010000100100000011
11000011101001000100
01001100010011101110
10001010111111010111
00101111000000001000
11010110001100000110
01111011010001111011
11001010010101110100
01100010001101000111
10010010100101010000
01111111011011111101
01000011011001011101
10000011100000010110
10101110111110000101
00110011111011011110
01111011110101111101
01001111110101000101
00011010111110111100
00011001000001001011
00100000010001110001
01110110010011110000
11001011110110001110
01101011000101101110
00100001111101001000
10011010110011010100
00111100011011111000
10111110010011101100
00101010000010001101
00010111100111111111
11100010111000100101
11011011111011011001
01100000001001011101
00111001101110100100
10001001010011000010
00101011100000110010
01101010111011111101
10000011011101000011
00111111010000101111
10010010110111001101
01001111100101000101
10011101001011010011
00100010001001100011
01000101110011110111
11000101111111011010
01111111011011001100
00110010100010010101
00011101100101000001
11101100110010100010
01111110001101000100
11011100100101100111
01010111010010001111
10000110001001001011
01010010100111001111
10100011101110101111
00011100000111000110
01000010110111110111
11101101110110100010
11110010110110111000
11101000011011110001
01001001100011111011
11110110101000110101
01011110100001000101
10100000001011011111
00100101111011101111
11100000010111001010
00010001001010001111
10101101010011000100
01101101110110101000
00011100000010111001
10100100110010100100
00001100101000111010
01000111100110110111
00101001011011101010
00110000100111100111
10001110100100111101
00001110000000010100
10100101101011011111
00110011101111010111
11100001010001000000
01100001000010000011
11001010111111001111
00100010100000110100
01001111011111110001
00111011000100101001
10010001010110000110
01000111111010101001
11100110011100001000
01100000010001110111
01110111110010101110
11110011010010111100
10011101011110111011
10011101001001101101
00001101110000110010
10101101011000000001
11000111011011000101
10110011101011101010
10011011110001001001
11011111011111000110
10000110010101000100
01110001000111001101
10000001100000101110
00111111010011100011
11111101101001000010
01100001100100101010
00111111001010000011
01001010110001110011
00111100011100101110
00101010001001110011
00010011011100100111
11010101100110000010
11010111111010110111
00011010010100001001
00010101011000111110
10011111010111011001
10101101010101000101
10110111111010001001
10101100111101110011
01001101101010000011
11100011110000110111
01111100101111001001
10001001001010000100
11010011011000010100
11111001101010101011
11101111000010101000
00111100001000001111
01010001010111011000
11101110011111110010
01110001110010010000
10110101010011000111
01111010010111010000
01001110101100101010
00101010100001001101
11110000100100001011
10011000101111111110
11110100100110000011
